2018/12/25-17:23:23.307765 7f0fc4f2ba40 RocksDB version: 5.18.0
2018/12/25-17:23:23.307836 7f0fc4f2ba40 Git sha rocksdb_build_git_sha:@2f1ca4e838b30fc9f402b26b7142b9d564a27a83@
2018/12/25-17:23:23.307841 7f0fc4f2ba40 Compile date Dec 24 2018
2018/12/25-17:23:23.307844 7f0fc4f2ba40 DB SUMMARY
2018/12/25-17:23:23.307884 7f0fc4f2ba40 SST files in /root/kvfs/testdir/metadir dir, Total Num: 0, files: 
2018/12/25-17:23:23.307891 7f0fc4f2ba40 Write Ahead Log file in /root/kvfs/testdir/metadir: 
2018/12/25-17:23:23.307894 7f0fc4f2ba40                         Options.error_if_exists: 0
2018/12/25-17:23:23.307897 7f0fc4f2ba40                       Options.create_if_missing: 1
2018/12/25-17:23:23.307899 7f0fc4f2ba40                         Options.paranoid_checks: 1
2018/12/25-17:23:23.307900 7f0fc4f2ba40                                     Options.env: 0xba37e0
2018/12/25-17:23:23.307902 7f0fc4f2ba40                                Options.info_log: 0x2b904f0
2018/12/25-17:23:23.307904 7f0fc4f2ba40                Options.max_file_opening_threads: 16
2018/12/25-17:23:23.307907 7f0fc4f2ba40                              Options.statistics: (nil)
2018/12/25-17:23:23.307909 7f0fc4f2ba40                               Options.use_fsync: 0
2018/12/25-17:23:23.307911 7f0fc4f2ba40                       Options.max_log_file_size: 0
2018/12/25-17:23:23.307913 7f0fc4f2ba40                  Options.max_manifest_file_size: 1073741824
2018/12/25-17:23:23.307915 7f0fc4f2ba40                   Options.log_file_time_to_roll: 0
2018/12/25-17:23:23.307917 7f0fc4f2ba40                       Options.keep_log_file_num: 1000
2018/12/25-17:23:23.307920 7f0fc4f2ba40                    Options.recycle_log_file_num: 0
2018/12/25-17:23:23.307921 7f0fc4f2ba40                         Options.allow_fallocate: 1
2018/12/25-17:23:23.307923 7f0fc4f2ba40                        Options.allow_mmap_reads: 0
2018/12/25-17:23:23.307924 7f0fc4f2ba40                       Options.allow_mmap_writes: 0
2018/12/25-17:23:23.307925 7f0fc4f2ba40                        Options.use_direct_reads: 0
2018/12/25-17:23:23.307926 7f0fc4f2ba40                        Options.use_direct_io_for_flush_and_compaction: 0
2018/12/25-17:23:23.307928 7f0fc4f2ba40          Options.create_missing_column_families: 0
2018/12/25-17:23:23.307929 7f0fc4f2ba40                              Options.db_log_dir: 
2018/12/25-17:23:23.307931 7f0fc4f2ba40                                 Options.wal_dir: /root/kvfs/testdir/metadir
2018/12/25-17:23:23.307932 7f0fc4f2ba40                Options.table_cache_numshardbits: 6
2018/12/25-17:23:23.307933 7f0fc4f2ba40                      Options.max_subcompactions: 1
2018/12/25-17:23:23.307934 7f0fc4f2ba40                  Options.max_background_flushes: -1
2018/12/25-17:23:23.307936 7f0fc4f2ba40                         Options.WAL_ttl_seconds: 0
2018/12/25-17:23:23.307937 7f0fc4f2ba40                       Options.WAL_size_limit_MB: 0
2018/12/25-17:23:23.307938 7f0fc4f2ba40             Options.manifest_preallocation_size: 4194304
2018/12/25-17:23:23.307940 7f0fc4f2ba40                     Options.is_fd_close_on_exec: 1
2018/12/25-17:23:23.307941 7f0fc4f2ba40                   Options.advise_random_on_open: 1
2018/12/25-17:23:23.307942 7f0fc4f2ba40                    Options.db_write_buffer_size: 0
2018/12/25-17:23:23.307943 7f0fc4f2ba40                    Options.write_buffer_manager: 0x2b90410
2018/12/25-17:23:23.307944 7f0fc4f2ba40         Options.access_hint_on_compaction_start: 1
2018/12/25-17:23:23.307946 7f0fc4f2ba40  Options.new_table_reader_for_compaction_inputs: 0
2018/12/25-17:23:23.307947 7f0fc4f2ba40           Options.random_access_max_buffer_size: 1048576
2018/12/25-17:23:23.307948 7f0fc4f2ba40                      Options.use_adaptive_mutex: 0
2018/12/25-17:23:23.307950 7f0fc4f2ba40                            Options.rate_limiter: (nil)
2018/12/25-17:23:23.307951 7f0fc4f2ba40     Options.sst_file_manager.rate_bytes_per_sec: 0
2018/12/25-17:23:23.307953 7f0fc4f2ba40                       Options.wal_recovery_mode: 2
2018/12/25-17:23:23.307954 7f0fc4f2ba40                  Options.enable_thread_tracking: 0
2018/12/25-17:23:23.307955 7f0fc4f2ba40                  Options.enable_pipelined_write: 0
2018/12/25-17:23:23.307965 7f0fc4f2ba40         Options.allow_concurrent_memtable_write: 1
2018/12/25-17:23:23.307967 7f0fc4f2ba40      Options.enable_write_thread_adaptive_yield: 1
2018/12/25-17:23:23.307969 7f0fc4f2ba40             Options.write_thread_max_yield_usec: 100
2018/12/25-17:23:23.307970 7f0fc4f2ba40            Options.write_thread_slow_yield_usec: 3
2018/12/25-17:23:23.307971 7f0fc4f2ba40                               Options.row_cache: None
2018/12/25-17:23:23.307973 7f0fc4f2ba40                              Options.wal_filter: None
2018/12/25-17:23:23.307974 7f0fc4f2ba40             Options.avoid_flush_during_recovery: 0
2018/12/25-17:23:23.307975 7f0fc4f2ba40             Options.allow_ingest_behind: 0
2018/12/25-17:23:23.307976 7f0fc4f2ba40             Options.preserve_deletes: 0
2018/12/25-17:23:23.307978 7f0fc4f2ba40             Options.two_write_queues: 0
2018/12/25-17:23:23.307979 7f0fc4f2ba40             Options.manual_wal_flush: 0
2018/12/25-17:23:23.307980 7f0fc4f2ba40             Options.max_background_jobs: 16
2018/12/25-17:23:23.307981 7f0fc4f2ba40             Options.max_background_compactions: -1
2018/12/25-17:23:23.307983 7f0fc4f2ba40             Options.avoid_flush_during_shutdown: 0
2018/12/25-17:23:23.307984 7f0fc4f2ba40           Options.writable_file_max_buffer_size: 1048576
2018/12/25-17:23:23.307985 7f0fc4f2ba40             Options.delayed_write_rate : 16777216
2018/12/25-17:23:23.307986 7f0fc4f2ba40             Options.max_total_wal_size: 0
2018/12/25-17:23:23.307988 7f0fc4f2ba40             Options.delete_obsolete_files_period_micros: 21600000000
2018/12/25-17:23:23.307989 7f0fc4f2ba40                   Options.stats_dump_period_sec: 600
2018/12/25-17:23:23.307990 7f0fc4f2ba40                          Options.max_open_files: -1
2018/12/25-17:23:23.307992 7f0fc4f2ba40                          Options.bytes_per_sync: 0
2018/12/25-17:23:23.307993 7f0fc4f2ba40                      Options.wal_bytes_per_sync: 0
2018/12/25-17:23:23.307994 7f0fc4f2ba40       Options.compaction_readahead_size: 0
2018/12/25-17:23:23.307996 7f0fc4f2ba40 Compression algorithms supported:
2018/12/25-17:23:23.307998 7f0fc4f2ba40 	kZSTDNotFinalCompression supported: 0
2018/12/25-17:23:23.308000 7f0fc4f2ba40 	kZSTD supported: 0
2018/12/25-17:23:23.308002 7f0fc4f2ba40 	kXpressCompression supported: 0
2018/12/25-17:23:23.308003 7f0fc4f2ba40 	kLZ4HCCompression supported: 0
2018/12/25-17:23:23.308005 7f0fc4f2ba40 	kLZ4Compression supported: 0
2018/12/25-17:23:23.308006 7f0fc4f2ba40 	kBZip2Compression supported: 0
2018/12/25-17:23:23.308008 7f0fc4f2ba40 	kZlibCompression supported: 0
2018/12/25-17:23:23.308009 7f0fc4f2ba40 	kSnappyCompression supported: 0
2018/12/25-17:23:23.308014 7f0fc4f2ba40 Fast CRC32 supported: Supported on x86
2018/12/25-17:23:23.308061 7f0fc4f2ba40 [db/db_impl_open.cc:230] Creating manifest 1 
2018/12/25-17:23:23.315932 7f0fc4f2ba40 [db/version_set.cc:3422] Recovering from manifest file: MANIFEST-000001
2018/12/25-17:23:23.316052 7f0fc4f2ba40 [db/column_family.cc:474] --------------- Options for column family [default]:
2018/12/25-17:23:23.316057 7f0fc4f2ba40               Options.comparator: leveldb.BytewiseComparator
2018/12/25-17:23:23.316058 7f0fc4f2ba40           Options.merge_operator: None
2018/12/25-17:23:23.316060 7f0fc4f2ba40        Options.compaction_filter: None
2018/12/25-17:23:23.316061 7f0fc4f2ba40        Options.compaction_filter_factory: None
2018/12/25-17:23:23.316062 7f0fc4f2ba40         Options.memtable_factory: SkipListFactory
2018/12/25-17:23:23.316064 7f0fc4f2ba40            Options.table_factory: BlockBasedTable
2018/12/25-17:23:23.316094 7f0fc4f2ba40            table_factory options:   flush_block_policy_factory: FlushBlockBySizePolicyFactory (0x2b8cd30)
  cache_index_and_filter_blocks: 0
  cache_index_and_filter_blocks_with_high_priority: 0
  pin_l0_filter_and_index_blocks_in_cache: 0
  pin_top_level_index_and_filter: 1
  index_type: 0
  hash_index_allow_collision: 1
  checksum: 1
  no_block_cache: 0
  block_cache: 0x2b8cd80
  block_cache_name: LRUCache
  block_cache_options:
    capacity : 8388608
    num_shard_bits : 4
    strict_capacity_limit : 0
    memory_allocator : None
    high_pri_pool_ratio: 0.000
  block_cache_compressed: (nil)
  persistent_cache: (nil)
  block_size: 4096
  block_size_deviation: 10
  block_restart_interval: 16
  index_block_restart_interval: 1
  metadata_block_size: 4096
  partition_filters: 0
  use_delta_encoding: 1
  filter_policy: nullptr
  whole_key_filtering: 1
  verify_compression: 0
  read_amp_bytes_per_bit: 0
  format_version: 2
  enable_index_compression: 1
  block_align: 0
2018/12/25-17:23:23.316108 7f0fc4f2ba40        Options.write_buffer_size: 67108864
2018/12/25-17:23:23.316110 7f0fc4f2ba40  Options.max_write_buffer_number: 2
2018/12/25-17:23:23.316112 7f0fc4f2ba40          Options.compression: NoCompression
2018/12/25-17:23:23.316113 7f0fc4f2ba40                  Options.bottommost_compression: Disabled
2018/12/25-17:23:23.316115 7f0fc4f2ba40       Options.prefix_extractor: nullptr
2018/12/25-17:23:23.316116 7f0fc4f2ba40   Options.memtable_insert_with_hint_prefix_extractor: nullptr
2018/12/25-17:23:23.316117 7f0fc4f2ba40             Options.num_levels: 7
2018/12/25-17:23:23.316119 7f0fc4f2ba40        Options.min_write_buffer_number_to_merge: 1
2018/12/25-17:23:23.316120 7f0fc4f2ba40     Options.max_write_buffer_number_to_maintain: 0
2018/12/25-17:23:23.316121 7f0fc4f2ba40            Options.bottommost_compression_opts.window_bits: -14
2018/12/25-17:23:23.316123 7f0fc4f2ba40                  Options.bottommost_compression_opts.level: 32767
2018/12/25-17:23:23.316124 7f0fc4f2ba40               Options.bottommost_compression_opts.strategy: 0
2018/12/25-17:23:23.316125 7f0fc4f2ba40         Options.bottommost_compression_opts.max_dict_bytes: 0
2018/12/25-17:23:23.316127 7f0fc4f2ba40         Options.bottommost_compression_opts.zstd_max_train_bytes: 0
2018/12/25-17:23:23.316128 7f0fc4f2ba40                  Options.bottommost_compression_opts.enabled: false
2018/12/25-17:23:23.316129 7f0fc4f2ba40            Options.compression_opts.window_bits: -14
2018/12/25-17:23:23.316131 7f0fc4f2ba40                  Options.compression_opts.level: 32767
2018/12/25-17:23:23.316132 7f0fc4f2ba40               Options.compression_opts.strategy: 0
2018/12/25-17:23:23.316133 7f0fc4f2ba40         Options.compression_opts.max_dict_bytes: 0
2018/12/25-17:23:23.316134 7f0fc4f2ba40         Options.compression_opts.zstd_max_train_bytes: 0
2018/12/25-17:23:23.316136 7f0fc4f2ba40                  Options.compression_opts.enabled: false
2018/12/25-17:23:23.316137 7f0fc4f2ba40      Options.level0_file_num_compaction_trigger: 4
2018/12/25-17:23:23.316138 7f0fc4f2ba40          Options.level0_slowdown_writes_trigger: 20
2018/12/25-17:23:23.316139 7f0fc4f2ba40              Options.level0_stop_writes_trigger: 36
2018/12/25-17:23:23.316141 7f0fc4f2ba40                   Options.target_file_size_base: 67108864
2018/12/25-17:23:23.316142 7f0fc4f2ba40             Options.target_file_size_multiplier: 1
2018/12/25-17:23:23.316143 7f0fc4f2ba40                Options.max_bytes_for_level_base: 268435456
2018/12/25-17:23:23.316144 7f0fc4f2ba40 Options.level_compaction_dynamic_level_bytes: 0
2018/12/25-17:23:23.316146 7f0fc4f2ba40          Options.max_bytes_for_level_multiplier: 10.000000
2018/12/25-17:23:23.316149 7f0fc4f2ba40 Options.max_bytes_for_level_multiplier_addtl[0]: 1
2018/12/25-17:23:23.316151 7f0fc4f2ba40 Options.max_bytes_for_level_multiplier_addtl[1]: 1
2018/12/25-17:23:23.316152 7f0fc4f2ba40 Options.max_bytes_for_level_multiplier_addtl[2]: 1
2018/12/25-17:23:23.316153 7f0fc4f2ba40 Options.max_bytes_for_level_multiplier_addtl[3]: 1
2018/12/25-17:23:23.316155 7f0fc4f2ba40 Options.max_bytes_for_level_multiplier_addtl[4]: 1
2018/12/25-17:23:23.316156 7f0fc4f2ba40 Options.max_bytes_for_level_multiplier_addtl[5]: 1
2018/12/25-17:23:23.316157 7f0fc4f2ba40 Options.max_bytes_for_level_multiplier_addtl[6]: 1
2018/12/25-17:23:23.316159 7f0fc4f2ba40       Options.max_sequential_skip_in_iterations: 8
2018/12/25-17:23:23.316160 7f0fc4f2ba40                    Options.max_compaction_bytes: 1677721600
2018/12/25-17:23:23.316166 7f0fc4f2ba40                        Options.arena_block_size: 8388608
2018/12/25-17:23:23.316168 7f0fc4f2ba40   Options.soft_pending_compaction_bytes_limit: 68719476736
2018/12/25-17:23:23.316169 7f0fc4f2ba40   Options.hard_pending_compaction_bytes_limit: 274877906944
2018/12/25-17:23:23.316170 7f0fc4f2ba40       Options.rate_limit_delay_max_milliseconds: 100
2018/12/25-17:23:23.316172 7f0fc4f2ba40                Options.disable_auto_compactions: 0
2018/12/25-17:23:23.316175 7f0fc4f2ba40                        Options.compaction_style: kCompactionStyleLevel
2018/12/25-17:23:23.316177 7f0fc4f2ba40                          Options.compaction_pri: kByCompensatedSize
2018/12/25-17:23:23.316179 7f0fc4f2ba40 Options.compaction_options_universal.size_ratio: 1
2018/12/25-17:23:23.316180 7f0fc4f2ba40 Options.compaction_options_universal.min_merge_width: 2
2018/12/25-17:23:23.316181 7f0fc4f2ba40 Options.compaction_options_universal.max_merge_width: 4294967295
2018/12/25-17:23:23.316182 7f0fc4f2ba40 Options.compaction_options_universal.max_size_amplification_percent: 200
2018/12/25-17:23:23.316184 7f0fc4f2ba40 Options.compaction_options_universal.compression_size_percent: -1
2018/12/25-17:23:23.316186 7f0fc4f2ba40 Options.compaction_options_universal.stop_style: kCompactionStopStyleTotalSize
2018/12/25-17:23:23.316188 7f0fc4f2ba40 Options.compaction_options_fifo.max_table_files_size: 1073741824
2018/12/25-17:23:23.316189 7f0fc4f2ba40 Options.compaction_options_fifo.allow_compaction: 0
2018/12/25-17:23:23.316190 7f0fc4f2ba40 Options.compaction_options_fifo.ttl: 0
2018/12/25-17:23:23.316192 7f0fc4f2ba40                   Options.table_properties_collectors: 
2018/12/25-17:23:23.316193 7f0fc4f2ba40                   Options.inplace_update_support: 0
2018/12/25-17:23:23.316194 7f0fc4f2ba40                 Options.inplace_update_num_locks: 10000
2018/12/25-17:23:23.316196 7f0fc4f2ba40               Options.memtable_prefix_bloom_size_ratio: 0.000000
2018/12/25-17:23:23.316197 7f0fc4f2ba40   Options.memtable_huge_page_size: 0
2018/12/25-17:23:23.316199 7f0fc4f2ba40                           Options.bloom_locality: 0
2018/12/25-17:23:23.316200 7f0fc4f2ba40                    Options.max_successive_merges: 0
2018/12/25-17:23:23.316201 7f0fc4f2ba40                Options.optimize_filters_for_hits: 0
2018/12/25-17:23:23.316202 7f0fc4f2ba40                Options.paranoid_file_checks: 0
2018/12/25-17:23:23.316203 7f0fc4f2ba40                Options.force_consistency_checks: 0
2018/12/25-17:23:23.316205 7f0fc4f2ba40                Options.report_bg_io_stats: 0
2018/12/25-17:23:23.316206 7f0fc4f2ba40                               Options.ttl: 0
2018/12/25-17:23:23.316676 7f0fc4f2ba40 [db/version_set.cc:3638] Recovered from manifest file:/root/kvfs/testdir/metadir/MANIFEST-000001 succeeded,manifest_file_number is 1, next_file_number is 3, last_sequence is 0, log_number is 0,prev_log_number is 0,max_column_family is 0,min_log_number_to_keep is 0
2018/12/25-17:23:23.316683 7f0fc4f2ba40 [db/version_set.cc:3646] Column family [default] (ID 0), log number is 0
2018/12/25-17:23:23.326034 7f0fc4f2ba40 [db/db_impl_open.cc:1292] DB pointer 0x2b907f0
